   0.0000000e+00   0.0000000e+00  -3.2647309e-01
   6.5000000e-02   0.0000000e+00  -3.2647309e-01
   1.3000000e-01   0.0000000e+00  -3.2412645e-01
   1.9500000e-01   0.0000000e+00  -3.2299605e-01
   2.6000000e-01   2.0000000e-01  -3.1232211e-01
   3.2500000e-01   2.0000000e-01  -2.9562640e-01
   3.9000000e-01   2.0000000e-01  -3.0454621e-01
   4.5500000e-01   2.0000000e-01  -2.9591596e-01
   5.2000000e-01   2.0000000e-01  -2.6670384e-01
   5.8500000e-01   2.0000000e-01  -2.8807041e-01
   6.5000000e-01   2.0000000e-01  -2.8227317e-01
   7.1500000e-01   2.0000000e-01  -3.2415152e-01
   7.8000000e-01   2.0000000e-01  -3.6641154e-01
   8.4500000e-01   2.0000000e-01  -4.0205657e-01
   9.1000000e-01   2.0000000e-01  -4.5510098e-01
   9.7500000e-01   2.0000000e-01  -4.9973977e-01
   1.0400000e+00  -2.0000000e-01  -5.7054615e-01
   1.1050000e+00  -2.0000000e-01  -6.0055572e-01
   1.1700000e+00  -2.0000000e-01  -6.8400669e-01
   1.2350000e+00  -2.0000000e-01  -7.2470206e-01
   1.3000000e+00  -2.0000000e-01  -7.6137120e-01
   1.3650000e+00  -2.0000000e-01  -7.4504590e-01
   1.4300000e+00  -2.0000000e-01  -7.3082536e-01
   1.4950000e+00  -2.0000000e-01  -7.1924585e-01
   1.5600000e+00  -2.0000000e-01  -6.0442358e-01
   1.6250000e+00  -2.0000000e-01  -5.8432102e-01
   1.6900000e+00  -2.0000000e-01  -4.8221448e-01
   1.7550000e+00  -2.0000000e-01  -3.9792052e-01
   1.8200000e+00  -2.0000000e-01  -3.3315632e-01
   1.8850000e+00  -2.0000000e-01  -2.1063928e-01
   1.9500000e+00  -2.0000000e-01  -1.1639024e-01
   2.0150000e+00  -2.0000000e-01  -3.4429610e-02
   2.0800000e+00  -2.0000000e-01   3.4421586e-02
   2.1450000e+00  -2.0000000e-01   1.0690344e-01
   2.2100000e+00  -2.0000000e-01   1.8406034e-01
   2.2750000e+00  -2.0000000e-01   2.9604387e-01
   2.3400000e+00  -2.0000000e-01   3.7882650e-01
   2.4050000e+00  -2.0000000e-01   4.4604981e-01
   2.4700000e+00  -2.0000000e-01   5.1570576e-01
   2.5350000e+00  -2.0000000e-01   6.1439675e-01
   2.6000000e+00  -2.0000000e-01   7.1782035e-01
   2.6650000e+00  -2.0000000e-01   7.7130789e-01
   2.7300000e+00  -2.0000000e-01   8.2226920e-01
   2.7950000e+00  -2.0000000e-01   8.6980200e-01
   2.8600000e+00  -2.0000000e-01   9.7101021e-01
   2.9250000e+00  -2.0000000e-01   1.0397055e+00
   2.9900000e+00  -2.0000000e-01   1.0745454e+00
   3.0550000e+00  -2.0000000e-01   1.1363385e+00
   3.1200000e+00  -2.0000000e-01   1.2085574e+00
   3.1850000e+00  -2.0000000e-01   1.2212560e+00
   3.2500000e+00  -2.0000000e-01   1.3030796e+00
   3.3150000e+00  -2.0000000e-01   1.4124111e+00
   3.3800000e+00  -2.0000000e-01   1.5556033e+00
   3.4450000e+00  -2.0000000e-01   1.5675596e+00
   3.5100000e+00  -2.0000000e-01   1.5478306e+00
   3.5750000e+00   2.0000000e-01   1.5477967e+00
   3.6400000e+00   2.0000000e-01   1.5081291e+00
   3.7050000e+00   2.0000000e-01   1.5640615e+00
   3.7700000e+00   2.0000000e-01   1.5614816e+00
   3.8350000e+00   2.0000000e-01   1.7255611e+00
   3.9000000e+00   2.0000000e-01   1.6482224e+00
   3.9650000e+00   2.0000000e-01   1.5608125e+00
   4.0300000e+00   2.0000000e-01   1.6452552e+00
   4.0950000e+00   2.0000000e-01   1.7434413e+00
   4.1600000e+00   2.0000000e-01   1.6132996e+00
   4.2250000e+00   2.0000000e-01   1.4340169e+00
   4.2900000e+00   2.0000000e-01   1.2813560e+00
   4.3550000e+00   2.0000000e-01   1.1711589e+00
   4.4200000e+00   2.0000000e-01   1.0456938e+00
   4.4850000e+00   2.0000000e-01   9.4301170e-01
   4.5500000e+00   2.0000000e-01   8.1818902e-01
   4.6150000e+00   2.0000000e-01   7.1061534e-01
   4.6800000e+00   2.0000000e-01   5.9956378e-01
   4.7450000e+00   2.0000000e-01   4.8078966e-01
   4.8100000e+00   2.0000000e-01   3.9585915e-01
   4.8750000e+00   2.0000000e-01   2.9381490e-01
   4.9400000e+00   2.0000000e-01   1.8089172e-01
   5.0050000e+00   2.0000000e-01   8.9045160e-02
   5.0700000e+00   2.0000000e-01   8.9045160e-02
   5.1350000e+00   2.0000000e-01  -7.1390539e-02
   5.2000000e+00   2.0000000e-01  -1.5111753e-01
   5.2650000e+00   2.0000000e-01  -2.4200840e-01
   5.3300000e+00   2.0000000e-01  -3.0818531e-01
   5.3950000e+00   2.0000000e-01  -3.8883811e-01
   5.4600000e+00   2.0000000e-01  -4.5463207e-01
   5.5250000e+00   2.0000000e-01  -4.9745062e-01
   5.5900000e+00   2.0000000e-01  -6.0175776e-01
   5.6550000e+00   2.0000000e-01  -6.6094518e-01
   5.7200000e+00   2.0000000e-01  -7.1974725e-01
   5.7850000e+00   2.0000000e-01  -7.6432449e-01
   5.8500000e+00   2.0000000e-01  -7.9900938e-01
   5.9150000e+00   2.0000000e-01  -8.4002310e-01
   5.9800000e+00   2.0000000e-01  -8.8969517e-01
   6.0450000e+00  -2.0000000e-01  -9.4462156e-01
   6.1100000e+00  -2.0000000e-01  -1.0005636e+00
   6.1750000e+00  -2.0000000e-01  -1.0114378e+00
   6.2400000e+00  -2.0000000e-01  -1.0472180e+00
   6.3050000e+00  -2.0000000e-01  -1.0731772e+00
   6.3700000e+00  -2.0000000e-01  -1.1020039e+00
   6.4350000e+00  -2.0000000e-01  -1.1529994e+00
   6.5000000e+00  -2.0000000e-01  -1.1155195e+00
   6.5650000e+00  -2.0000000e-01  -9.2008638e-01
   6.6300000e+00  -2.0000000e-01  -8.8206583e-01
   6.6950000e+00  -2.0000000e-01  -8.7822276e-01
   6.7600000e+00  -2.0000000e-01  -7.9949522e-01
   6.8250000e+00  -2.0000000e-01  -7.0209867e-01
   6.8900000e+00  -2.0000000e-01  -5.8631158e-01
   6.9550000e+00  -2.0000000e-01  -4.9687713e-01
   7.0200000e+00  -2.0000000e-01  -4.2071012e-01
   7.0850000e+00  -2.0000000e-01  -3.3043334e-01
   7.1500000e+00  -2.0000000e-01  -2.2167385e-01
   7.2150000e+00  -2.0000000e-01  -1.2518568e-01
   7.2800000e+00  -2.0000000e-01  -2.3782667e-02
   7.3450000e+00  -2.0000000e-01   4.8431087e-02
   7.4100000e+00  -2.0000000e-01   1.1469334e-01
   7.4750000e+00  -2.0000000e-01   1.9671440e-01
   7.5400000e+00  -2.0000000e-01   2.9961675e-01
   7.6050000e+00  -2.0000000e-01   3.9024621e-01
   7.6700000e+00  -2.0000000e-01   4.5653141e-01
   7.7350000e+00  -2.0000000e-01   5.2613866e-01
   7.8000000e+00  -2.0000000e-01   5.9966004e-01
   7.8650000e+00  -2.0000000e-01   6.6708487e-01
   7.9300000e+00  -2.0000000e-01   7.2660756e-01
   7.9950000e+00  -2.0000000e-01   7.8714603e-01
   8.0600000e+00  -2.0000000e-01   8.1742442e-01
   8.1250000e+00  -2.0000000e-01   8.5097820e-01
   8.1900000e+00  -2.0000000e-01   9.0786934e-01
   8.2550000e+00  -2.0000000e-01   1.0005536e+00
   8.3200000e+00  -2.0000000e-01   1.0664932e+00
   8.3850000e+00  -2.0000000e-01   1.0381370e+00
   8.4500000e+00  -2.0000000e-01   1.0890037e+00
   8.5150000e+00  -2.0000000e-01   1.1594895e+00
   8.5800000e+00   2.0000000e-01   1.3045939e+00
   8.6450000e+00   2.0000000e-01   1.3515052e+00
   8.7100000e+00   2.0000000e-01   1.3669512e+00
   8.7750000e+00   2.0000000e-01   1.4143252e+00
   8.8400000e+00   2.0000000e-01   1.3829905e+00
   8.9050000e+00   2.0000000e-01   1.4003738e+00
   8.9700000e+00   2.0000000e-01   1.4142780e+00
   9.0350000e+00   2.0000000e-01   1.3548114e+00
   9.1000000e+00   2.0000000e-01   1.2556663e+00
   9.1650000e+00   2.0000000e-01   1.1526579e+00
   9.2300000e+00   2.0000000e-01   1.0743055e+00
   9.2950000e+00   2.0000000e-01   9.8095173e-01
   9.3600000e+00   2.0000000e-01   8.4993720e-01
   9.4250000e+00   2.0000000e-01   7.2936660e-01
   9.4900000e+00   2.0000000e-01   6.3775903e-01
   9.5550000e+00   2.0000000e-01   5.1323408e-01
   9.6200000e+00   2.0000000e-01   3.8595793e-01
   9.6850000e+00   2.0000000e-01   2.8373894e-01
   9.7500000e+00   2.0000000e-01   1.6985670e-01
   9.8150000e+00   2.0000000e-01   5.5664517e-02
   9.8800000e+00   2.0000000e-01  -3.5967004e-02
   9.9450000e+00   2.0000000e-01  -1.1124142e-01
   1.0010000e+01   2.0000000e-01  -2.0440382e-01
   1.0075000e+01   2.0000000e-01  -3.0972412e-01
   1.0140000e+01   2.0000000e-01  -3.7486878e-01
   1.0205000e+01   2.0000000e-01  -4.4229585e-01
   1.0270000e+01   2.0000000e-01  -5.0804281e-01
   1.0335000e+01   2.0000000e-01  -5.9068900e-01
   1.0400000e+01   2.0000000e-01  -6.6284877e-01
   1.0465000e+01   2.0000000e-01  -7.4816573e-01
   1.0530000e+01   2.0000000e-01  -8.0049539e-01
   1.0595000e+01   2.0000000e-01  -8.4180641e-01
   1.0660000e+01   2.0000000e-01  -9.0021592e-01
   1.0725000e+01   2.0000000e-01  -9.5191967e-01
   1.0790000e+01   2.0000000e-01  -9.8819298e-01
   1.0855000e+01   2.0000000e-01  -1.0190355e+00
   1.0920000e+01   2.0000000e-01  -1.0426762e+00
   1.0985000e+01   2.0000000e-01  -1.0841738e+00
   1.1050000e+01  -2.0000000e-01  -1.1239374e+00
   1.1115000e+01  -2.0000000e-01  -1.1431563e+00
   1.1180000e+01  -2.0000000e-01  -1.1758730e+00
   1.1245000e+01  -2.0000000e-01  -1.2418808e+00
   1.1310000e+01  -2.0000000e-01  -1.2448068e+00
   1.1375000e+01  -2.0000000e-01  -1.2011852e+00
   1.1440000e+01  -2.0000000e-01  -1.2401214e+00
   1.1505000e+01  -2.0000000e-01  -1.2478626e+00
   1.1570000e+01  -2.0000000e-01  -1.1158923e+00
   1.1635000e+01  -2.0000000e-01  -9.8658133e-01
   1.1700000e+01  -2.0000000e-01  -8.5369575e-01
   1.1765000e+01  -2.0000000e-01  -7.7996016e-01
   1.1830000e+01  -2.0000000e-01  -7.4965656e-01
   1.1895000e+01  -2.0000000e-01  -6.7139125e-01
   1.1960000e+01  -2.0000000e-01  -5.5246705e-01
   1.2025000e+01  -2.0000000e-01  -4.5907715e-01
   1.2090000e+01  -2.0000000e-01  -3.5966530e-01
   1.2155000e+01  -2.0000000e-01  -2.7156872e-01
   1.2220000e+01  -2.0000000e-01  -1.6660742e-01
   1.2285000e+01  -2.0000000e-01  -8.1760302e-02
   1.2350000e+01  -2.0000000e-01  -2.1275438e-03
   1.2415000e+01  -2.0000000e-01   6.2342886e-02
   1.2480000e+01  -2.0000000e-01   1.2912774e-01
   1.2545000e+01  -2.0000000e-01   2.0601334e-01
   1.2610000e+01  -2.0000000e-01   2.8896207e-01
   1.2675000e+01  -2.0000000e-01   3.7251905e-01
   1.2740000e+01  -2.0000000e-01   4.4092596e-01
   1.2805000e+01  -2.0000000e-01   4.8579305e-01
   1.2870000e+01  -2.0000000e-01   5.4776746e-01
   1.2935000e+01  -2.0000000e-01   6.1743969e-01
   1.3000000e+01  -2.0000000e-01   6.5994579e-01
   1.3065000e+01  -2.0000000e-01   7.0557016e-01
   1.3130000e+01  -2.0000000e-01   7.4858588e-01
   1.3195000e+01  -2.0000000e-01   7.9737508e-01
   1.3260000e+01  -2.0000000e-01   8.3164454e-01
   1.3325000e+01  -2.0000000e-01   9.3560940e-01
   1.3390000e+01  -2.0000000e-01   9.9325442e-01
   1.3455000e+01  -2.0000000e-01   1.0305219e+00
   1.3520000e+01  -2.0000000e-01   1.0583454e+00
   1.3585000e+01   2.0000000e-01   1.0877891e+00
   1.3650000e+01   2.0000000e-01   1.2245737e+00
   1.3715000e+01   2.0000000e-01   1.2756951e+00
   1.3780000e+01   2.0000000e-01   1.3084602e+00
   1.3845000e+01   2.0000000e-01   1.2907567e+00
   1.3910000e+01   2.0000000e-01   1.2897855e+00
   1.3975000e+01   2.0000000e-01   1.2497247e+00
   1.4040000e+01   2.0000000e-01   1.1689104e+00
   1.4105000e+01   2.0000000e-01   1.0757158e+00
   1.4170000e+01   2.0000000e-01   9.9361104e-01
   1.4235000e+01   2.0000000e-01   8.6481112e-01
   1.4300000e+01   2.0000000e-01   7.5333685e-01
   1.4365000e+01   2.0000000e-01   6.4293212e-01
   1.4430000e+01   2.0000000e-01   5.3533381e-01
   1.4495000e+01   2.0000000e-01   3.9761591e-01
   1.4560000e+01   2.0000000e-01   2.8677335e-01
   1.4625000e+01   2.0000000e-01   1.7856242e-01
   1.4690000e+01   2.0000000e-01   6.0195159e-02
   1.4755000e+01   2.0000000e-01  -3.5716943e-02
   1.4820000e+01   2.0000000e-01  -1.0486441e-01
   1.4885000e+01   2.0000000e-01  -1.9051985e-01
   1.4950000e+01   2.0000000e-01  -2.9478610e-01
   1.5015000e+01   2.0000000e-01  -3.8578537e-01
   1.5080000e+01   2.0000000e-01  -4.6047336e-01
   1.5145000e+01   2.0000000e-01  -5.5396825e-01
   1.5210000e+01   2.0000000e-01  -6.3594067e-01
   1.5275000e+01   2.0000000e-01  -7.0282167e-01
   1.5340000e+01   2.0000000e-01  -7.7425534e-01
   1.5405000e+01   2.0000000e-01  -8.4948009e-01
   1.5470000e+01   2.0000000e-01  -9.1972387e-01
   1.5535000e+01   2.0000000e-01  -9.8590845e-01
   1.5600000e+01   2.0000000e-01  -1.0429709e+00
   1.5665000e+01   2.0000000e-01  -1.0429709e+00
   1.5730000e+01   2.0000000e-01  -1.0943279e+00
   1.5795000e+01   2.0000000e-01  -1.1308203e+00
   1.5860000e+01   2.0000000e-01  -1.1671327e+00
   1.5925000e+01   2.0000000e-01  -1.2584084e+00
   1.5990000e+01   2.0000000e-01  -1.2910511e+00
   1.6055000e+01  -2.0000000e-01  -1.3231395e+00
   1.6120000e+01  -2.0000000e-01  -1.3175359e+00
   1.6185000e+01  -2.0000000e-01  -1.3508701e+00
   1.6250000e+01  -2.0000000e-01  -1.3628099e+00
   1.6315000e+01  -2.0000000e-01  -1.2874312e+00
   1.6380000e+01  -2.0000000e-01  -1.1852316e+00
   1.6445000e+01  -2.0000000e-01  -1.1167469e+00
   1.6510000e+01  -2.0000000e-01  -1.0249439e+00
   1.6575000e+01  -2.0000000e-01  -1.2472700e+00
   1.6640000e+01  -2.0000000e-01  -1.2591181e+00
   1.6705000e+01  -2.0000000e-01  -1.2008623e+00
   1.6770000e+01  -2.0000000e-01  -1.1175686e+00
   1.6835000e+01  -2.0000000e-01  -9.7611427e-01
   1.6900000e+01  -2.0000000e-01  -8.5045063e-01
   1.6965000e+01  -2.0000000e-01  -7.6011169e-01
   1.7030000e+01  -2.0000000e-01  -6.6386706e-01
   1.7095000e+01  -2.0000000e-01  -5.3819257e-01
   1.7160000e+01  -2.0000000e-01  -4.0841216e-01
   1.7225000e+01  -2.0000000e-01  -3.0410549e-01
   1.7290000e+01  -2.0000000e-01  -1.8804431e-01
   1.7355000e+01  -2.0000000e-01  -8.3037287e-02
   1.7420000e+01  -2.0000000e-01  -2.4806119e-03
   1.7485000e+01  -2.0000000e-01   6.0878191e-02
   1.7550000e+01  -2.0000000e-01   1.2465812e-01
   1.7615000e+01  -2.0000000e-01   2.1005765e-01
   1.7680000e+01  -2.0000000e-01   3.1381729e-01
   1.7745000e+01  -2.0000000e-01   3.8418993e-01
   1.7810000e+01  -2.0000000e-01   4.3116206e-01
   1.7875000e+01  -2.0000000e-01   5.1856494e-01
   1.7940000e+01  -2.0000000e-01   6.2209225e-01
   1.8005000e+01  -2.0000000e-01   6.9540429e-01
   1.8070000e+01  -2.0000000e-01   7.5328028e-01
   1.8135000e+01  -2.0000000e-01   8.2044703e-01
   1.8200000e+01  -2.0000000e-01   8.5709828e-01
   1.8265000e+01  -2.0000000e-01   9.2138827e-01
   1.8330000e+01  -2.0000000e-01   9.0121990e-01
   1.8395000e+01  -2.0000000e-01   9.4565612e-01
   1.8460000e+01  -2.0000000e-01   1.0170604e+00
   1.8525000e+01  -2.0000000e-01   1.0548723e+00
   1.8590000e+01   2.0000000e-01   1.0710019e+00
   1.8655000e+01   2.0000000e-01   1.1173177e+00
   1.8720000e+01   2.0000000e-01   1.1314811e+00
   1.8785000e+01   2.0000000e-01   1.1761930e+00
   1.8850000e+01   2.0000000e-01   1.2641015e+00
   1.8915000e+01   2.0000000e-01   1.2823418e+00
   1.8980000e+01   2.0000000e-01   1.3671048e+00
   1.9045000e+01   2.0000000e-01   1.4142807e+00
   1.9110000e+01   2.0000000e-01   1.4943820e+00
   1.9175000e+01   2.0000000e-01   1.3459971e+00
   1.9240000e+01   2.0000000e-01   1.1930196e+00
   1.9305000e+01   2.0000000e-01   1.0211989e+00
   1.9370000e+01   2.0000000e-01   9.1915667e-01
   1.9435000e+01   2.0000000e-01   8.0831873e-01
   1.9500000e+01   2.0000000e-01   7.0820808e-01
   1.9565000e+01   2.0000000e-01   5.0940192e-01
   1.9630000e+01   2.0000000e-01   4.0860763e-01
   1.9695000e+01   2.0000000e-01   3.1916532e-01
   1.9760000e+01   2.0000000e-01   2.2569703e-01
   1.9825000e+01   2.0000000e-01   1.2882443e-01
   1.9890000e+01   2.0000000e-01   3.8547236e-02
   1.9955000e+01   2.0000000e-01  -4.2382423e-02
   2.0020000e+01   2.0000000e-01  -1.1764268e-01
   2.0085000e+01   2.0000000e-01  -1.8873195e-01
   2.0150000e+01   2.0000000e-01  -2.9208770e-01
   2.0215000e+01   2.0000000e-01  -3.6536059e-01
   2.0280000e+01   2.0000000e-01  -4.4345209e-01
   2.0345000e+01   2.0000000e-01  -5.1463395e-01
   2.0410000e+01   2.0000000e-01  -5.9609669e-01
   2.0475000e+01   2.0000000e-01  -6.7166352e-01
   2.0540000e+01   2.0000000e-01  -7.3849821e-01
   2.0605000e+01   2.0000000e-01  -8.0706906e-01
   2.0670000e+01   2.0000000e-01  -8.3855474e-01
   2.0735000e+01   2.0000000e-01  -9.1131353e-01
   2.0800000e+01   2.0000000e-01  -9.5927346e-01
   2.0865000e+01   2.0000000e-01  -1.0117347e+00
   2.0930000e+01   2.0000000e-01  -1.0394423e+00
   2.0995000e+01   2.0000000e-01  -1.0629416e+00
   2.1060000e+01  -2.0000000e-01  -1.1235085e+00
   2.1125000e+01  -2.0000000e-01  -1.1549932e+00
   2.1190000e+01  -2.0000000e-01  -1.1979105e+00
   2.1255000e+01  -2.0000000e-01  -1.1474441e+00
   2.1320000e+01  -2.0000000e-01  -1.1505462e+00
   2.1385000e+01  -2.0000000e-01  -1.2024416e+00
   2.1450000e+01  -2.0000000e-01  -1.2549080e+00
   2.1515000e+01  -2.0000000e-01  -1.1492535e+00
   2.1580000e+01  -2.0000000e-01  -1.0732423e+00
   2.1645000e+01  -2.0000000e-01  -9.8468077e-01
   2.1710000e+01  -2.0000000e-01  -9.0729833e-01
   2.1775000e+01  -2.0000000e-01  -8.2152492e-01
   2.1840000e+01  -2.0000000e-01  -7.3932493e-01
   2.1905000e+01  -2.0000000e-01  -6.2376606e-01
   2.1970000e+01  -2.0000000e-01  -5.0774229e-01
   2.2035000e+01  -2.0000000e-01  -3.8459757e-01
   2.2100000e+01  -2.0000000e-01  -2.9606712e-01
   2.2165000e+01  -2.0000000e-01  -1.7148383e-01
   2.2230000e+01  -2.0000000e-01  -6.2868319e-02
   2.2295000e+01  -2.0000000e-01   7.8285886e-03
   2.2360000e+01  -2.0000000e-01   8.2221799e-02
   2.2425000e+01  -2.0000000e-01   1.7646271e-01
   2.2490000e+01  -2.0000000e-01   2.8535113e-01
   2.2555000e+01  -2.0000000e-01   3.5376924e-01
   2.2620000e+01  -2.0000000e-01   3.9853239e-01
   2.2685000e+01  -2.0000000e-01   4.9968082e-01
   2.2750000e+01  -2.0000000e-01   5.7899636e-01
   2.2815000e+01  -2.0000000e-01   6.4652598e-01
   2.2880000e+01  -2.0000000e-01   6.8676239e-01
   2.2945000e+01  -2.0000000e-01   7.0995754e-01
   2.3010000e+01  -2.0000000e-01   7.7435017e-01
   2.3075000e+01  -2.0000000e-01   8.0820733e-01
   2.3140000e+01  -2.0000000e-01   8.2961249e-01
   2.3205000e+01  -2.0000000e-01   8.6046177e-01
   2.3270000e+01  -2.0000000e-01   9.5375609e-01
   2.3335000e+01  -2.0000000e-01   1.0129011e+00
   2.3400000e+01  -2.0000000e-01   1.0628211e+00
   2.3465000e+01  -2.0000000e-01   1.1077744e+00
   2.3530000e+01  -2.0000000e-01   1.1490096e+00
   2.3595000e+01   2.0000000e-01   1.2391762e+00
   2.3660000e+01   2.0000000e-01   1.2707301e+00
   2.3725000e+01   2.0000000e-01   1.3348026e+00
   2.3790000e+01   2.0000000e-01   1.3819593e+00
   2.3855000e+01   2.0000000e-01   1.4357694e+00
   2.3920000e+01   2.0000000e-01   1.4149324e+00
   2.3985000e+01   2.0000000e-01   1.3654572e+00
   2.4050000e+01   2.0000000e-01   1.2202665e+00
   2.4115000e+01   2.0000000e-01   1.1267823e+00
   2.4180000e+01   2.0000000e-01   1.0738795e+00
   2.4245000e+01   2.0000000e-01   1.0070831e+00
   2.4310000e+01   2.0000000e-01   8.8922721e-01
   2.4375000e+01   2.0000000e-01   7.7175885e-01
   2.4440000e+01   2.0000000e-01   6.8165773e-01
   2.4505000e+01   2.0000000e-01   5.8115435e-01
   2.4570000e+01   2.0000000e-01   5.8115435e-01
   2.4635000e+01   2.0000000e-01   3.5830224e-01
   2.4700000e+01   2.0000000e-01   2.7242103e-01
   2.4765000e+01   2.0000000e-01   1.5611815e-01
   2.4830000e+01   2.0000000e-01   1.5611815e-01
   2.4895000e+01   2.0000000e-01  -5.1561825e-02
   2.4960000e+01   2.0000000e-01  -1.5591474e-01
   2.5025000e+01   2.0000000e-01  -1.5591474e-01
   2.5090000e+01   2.0000000e-01  -2.5479281e-01
   2.5155000e+01   2.0000000e-01  -2.5479281e-01
   2.5220000e+01   2.0000000e-01  -4.1702199e-01
   2.5285000e+01   2.0000000e-01  -4.9058762e-01
   2.5350000e+01   2.0000000e-01  -5.7422894e-01
   2.5415000e+01   2.0000000e-01  -6.5330464e-01
   2.5480000e+01   2.0000000e-01  -7.2441596e-01
   2.5545000e+01   2.0000000e-01  -7.8371561e-01
   2.5610000e+01   2.0000000e-01  -8.2151824e-01
   2.5675000e+01   2.0000000e-01  -8.5718060e-01
   2.5740000e+01   2.0000000e-01  -9.2598689e-01
   2.5805000e+01   2.0000000e-01  -9.8344356e-01
   2.5870000e+01   2.0000000e-01  -1.0542876e+00
   2.5935000e+01   2.0000000e-01  -1.0133530e+00
   2.6000000e+01   2.0000000e-01  -9.4715655e-01
   2.6065000e+01  -2.0000000e-01  -9.0273213e-01
   2.6130000e+01  -2.0000000e-01  -9.6286368e-01
   2.6195000e+01  -2.0000000e-01  -1.1244342e+00
   2.6260000e+01  -2.0000000e-01  -1.2519999e+00
   2.6325000e+01  -2.0000000e-01  -1.3200206e+00
   2.6390000e+01  -2.0000000e-01  -1.3418759e+00
   2.6455000e+01  -2.0000000e-01  -1.3159335e+00
   2.6520000e+01  -2.0000000e-01  -1.1921934e+00
   2.6585000e+01  -2.0000000e-01  -1.1228530e+00
   2.6650000e+01  -2.0000000e-01  -9.9644005e-01
   2.6715000e+01  -2.0000000e-01  -1.0308336e+00
   2.6780000e+01  -2.0000000e-01  -9.2677790e-01
   2.6845000e+01  -2.0000000e-01  -8.5005242e-01
   2.6910000e+01  -2.0000000e-01  -7.3802918e-01
   2.6975000e+01  -2.0000000e-01  -6.5086728e-01
   2.7040000e+01  -2.0000000e-01  -5.7671165e-01
   2.7105000e+01  -2.0000000e-01  -4.4852433e-01
   2.7170000e+01  -2.0000000e-01  -3.4514609e-01
   2.7235000e+01  -2.0000000e-01  -2.2585575e-01
   2.7300000e+01  -2.0000000e-01  -1.3364321e-01
   2.7365000e+01  -2.0000000e-01  -3.5251394e-02
   2.7430000e+01  -2.0000000e-01   3.5114743e-02
   2.7495000e+01  -2.0000000e-01   1.0344189e-01
   2.7560000e+01  -2.0000000e-01   1.7336802e-01
   2.7625000e+01  -2.0000000e-01   2.8467071e-01
   2.7690000e+01  -2.0000000e-01   3.4385487e-01
   2.7755000e+01  -2.0000000e-01   4.1443196e-01
   2.7820000e+01  -2.0000000e-01   4.9225476e-01
   2.7885000e+01  -2.0000000e-01   5.6935573e-01
   2.7950000e+01  -2.0000000e-01   6.3379782e-01
   2.8015000e+01  -2.0000000e-01   7.0403612e-01
   2.8080000e+01  -2.0000000e-01   7.4228013e-01
   2.8145000e+01  -2.0000000e-01   8.1286573e-01
   2.8210000e+01  -2.0000000e-01   8.6996967e-01
   2.8275000e+01  -2.0000000e-01   9.2711401e-01
   2.8340000e+01  -2.0000000e-01   9.5641208e-01
   2.8405000e+01  -2.0000000e-01   9.9176013e-01
   2.8470000e+01  -2.0000000e-01   1.0383420e+00
   2.8535000e+01  -2.0000000e-01   1.0473624e+00
   2.8600000e+01   2.0000000e-01   1.0303788e+00
   2.8665000e+01   2.0000000e-01   1.0412325e+00
   2.8730000e+01   2.0000000e-01   1.2361199e+00
   2.8795000e+01   2.0000000e-01   1.2684001e+00
   2.8860000e+01   2.0000000e-01   1.2887043e+00
   2.8925000e+01   2.0000000e-01   1.3789119e+00
   2.8990000e+01   2.0000000e-01   1.4899195e+00
   2.9055000e+01   2.0000000e-01   1.4362457e+00
   2.9120000e+01   2.0000000e-01   1.3023133e+00
   2.9185000e+01   2.0000000e-01   1.2315267e+00
   2.9250000e+01   2.0000000e-01   1.1484486e+00
   2.9315000e+01   2.0000000e-01   1.0394893e+00
   2.9380000e+01   2.0000000e-01   9.2172188e-01
   2.9445000e+01   2.0000000e-01   8.2448155e-01
   2.9510000e+01   2.0000000e-01   7.2403353e-01
   2.9575000e+01   2.0000000e-01   6.2571746e-01
   2.9640000e+01   2.0000000e-01   5.2090520e-01
   2.9705000e+01   2.0000000e-01   4.2686993e-01
   2.9770000e+01   2.0000000e-01   3.1805596e-01
   2.9835000e+01   2.0000000e-01   2.0555958e-01
   2.9900000e+01   2.0000000e-01   8.4592320e-02
   2.9965000e+01   2.0000000e-01  -6.7150174e-03
   3.0030000e+01   2.0000000e-01  -8.8019900e-02
   3.0095000e+01   2.0000000e-01  -1.5594091e-01
   3.0160000e+01   2.0000000e-01  -2.5465024e-01
   3.0225000e+01   2.0000000e-01  -3.3001190e-01
   3.0290000e+01   2.0000000e-01  -3.7857184e-01
   3.0355000e+01   2.0000000e-01  -4.2895976e-01
   3.0420000e+01   2.0000000e-01  -5.0540346e-01
   3.0485000e+01   2.0000000e-01  -5.7903945e-01
   3.0550000e+01   2.0000000e-01  -6.4979476e-01
   3.0615000e+01   2.0000000e-01  -7.0034653e-01
   3.0680000e+01   2.0000000e-01  -7.6216847e-01
   3.0745000e+01   2.0000000e-01  -8.1176132e-01
   3.0810000e+01   2.0000000e-01  -8.4984374e-01
   3.0875000e+01   2.0000000e-01  -8.8361424e-01
   3.0940000e+01   2.0000000e-01  -8.8361424e-01
   3.1005000e+01   2.0000000e-01  -1.0062668e+00
   3.1070000e+01  -2.0000000e-01  -1.0218204e+00
   3.1135000e+01  -2.0000000e-01  -1.0542333e+00
   3.1200000e+01  -2.0000000e-01  -1.1335858e+00
   3.1265000e+01  -2.0000000e-01  -1.2110534e+00
   3.1330000e+01  -2.0000000e-01  -1.2218945e+00
   3.1395000e+01  -2.0000000e-01  -1.2242436e+00
   3.1460000e+01  -2.0000000e-01  -1.1396741e+00
   3.1525000e+01  -2.0000000e-01  -1.1084098e+00
   3.1590000e+01  -2.0000000e-01  -1.0586042e+00
   3.1655000e+01  -2.0000000e-01  -1.0524354e+00
   3.1720000e+01  -2.0000000e-01  -9.3078423e-01
   3.1785000e+01  -2.0000000e-01  -8.3697724e-01
   3.1850000e+01  -2.0000000e-01  -7.4681795e-01
   3.1915000e+01  -2.0000000e-01  -6.3532400e-01
   3.1980000e+01  -2.0000000e-01  -5.3865558e-01
   3.2045000e+01  -2.0000000e-01  -4.3330264e-01
   3.2110000e+01  -2.0000000e-01  -3.2600507e-01
   3.2175000e+01  -2.0000000e-01  -1.9935827e-01
   3.2240000e+01  -2.0000000e-01  -1.0142355e-01
   3.2305000e+01  -2.0000000e-01  -1.8727733e-02
   3.2370000e+01  -2.0000000e-01   5.5119127e-02
   3.2435000e+01  -2.0000000e-01   1.2187762e-01
   3.2500000e+01  -2.0000000e-01   2.1690525e-01
   3.2565000e+01  -2.0000000e-01   2.9099941e-01
   3.2630000e+01  -2.0000000e-01   3.6564222e-01
   3.2695000e+01  -2.0000000e-01   4.4042516e-01
   3.2760000e+01  -2.0000000e-01   5.2682251e-01
   3.2825000e+01  -2.0000000e-01   5.8308649e-01
   3.2890000e+01  -2.0000000e-01   6.5369362e-01
   3.2955000e+01  -2.0000000e-01   7.0706767e-01
   3.3020000e+01  -2.0000000e-01   7.6555991e-01
   3.3085000e+01  -2.0000000e-01   8.3379823e-01
   3.3150000e+01  -2.0000000e-01   8.8425362e-01
   3.3215000e+01  -2.0000000e-01   8.8425362e-01
   3.3280000e+01  -2.0000000e-01   1.0043454e+00
   3.3345000e+01  -2.0000000e-01   1.0238873e+00
   3.3410000e+01  -2.0000000e-01   1.0728766e+00
   3.3475000e+01  -2.0000000e-01   1.1163697e+00
   3.3540000e+01  -2.0000000e-01   1.1856463e+00
   3.3605000e+01   2.0000000e-01   1.2238292e+00
   3.3670000e+01   2.0000000e-01   1.2639223e+00
   3.3735000e+01   2.0000000e-01   1.2639223e+00
   3.3800000e+01   2.0000000e-01   1.3715234e+00
   3.3865000e+01   2.0000000e-01   1.4236062e+00
   3.3930000e+01   2.0000000e-01   1.3961765e+00
   3.3995000e+01   2.0000000e-01   1.3101826e+00
   3.4060000e+01   2.0000000e-01   1.3075024e+00
   3.4125000e+01   2.0000000e-01   1.2742937e+00
   3.4190000e+01   2.0000000e-01   1.1732651e+00
   3.4255000e+01   2.0000000e-01   1.0664419e+00
   3.4320000e+01   2.0000000e-01   9.8587859e-01
   3.4385000e+01   2.0000000e-01   8.8042492e-01
   3.4450000e+01   2.0000000e-01   7.6047462e-01
   3.4515000e+01   2.0000000e-01   6.4322180e-01
   3.4580000e+01   2.0000000e-01   5.4525054e-01
   3.4645000e+01   2.0000000e-01   4.1203466e-01
   3.4710000e+01   2.0000000e-01   2.9101470e-01
   3.4775000e+01   2.0000000e-01   1.9186129e-01
   3.4840000e+01   2.0000000e-01   6.1944466e-02
   3.4905000e+01   2.0000000e-01  -4.6999801e-02
   3.4970000e+01   2.0000000e-01  -1.4460634e-01
   3.5035000e+01   2.0000000e-01  -2.5958106e-01
   3.5100000e+01   2.0000000e-01  -3.5168278e-01
   3.5165000e+01   2.0000000e-01  -4.2373800e-01
   3.5230000e+01   2.0000000e-01  -5.3988063e-01
   3.5295000e+01   2.0000000e-01  -6.2343538e-01
   3.5360000e+01   2.0000000e-01  -6.8410987e-01
   3.5425000e+01   2.0000000e-01  -7.5584418e-01
   3.5490000e+01   2.0000000e-01  -8.1932890e-01
   3.5555000e+01   2.0000000e-01  -8.9320761e-01
   3.5620000e+01   2.0000000e-01  -9.5637184e-01
   3.5685000e+01   2.0000000e-01  -1.0028117e+00
   3.5750000e+01   2.0000000e-01  -1.0476378e+00
   3.5815000e+01   2.0000000e-01  -1.1100146e+00
   3.5880000e+01   2.0000000e-01  -1.1367100e+00
   3.5945000e+01   2.0000000e-01  -1.1756004e+00
   3.6010000e+01   2.0000000e-01  -1.2086354e+00
   3.6075000e+01  -2.0000000e-01  -1.2784524e+00
   3.6140000e+01  -2.0000000e-01  -1.3181409e+00
   3.6205000e+01  -2.0000000e-01  -1.3493232e+00
   3.6270000e+01  -2.0000000e-01  -1.4324292e+00
   3.6335000e+01  -2.0000000e-01  -1.5176669e+00
   3.6400000e+01  -2.0000000e-01  -1.4455431e+00
   3.6465000e+01  -2.0000000e-01  -1.4241138e+00
   3.6530000e+01  -2.0000000e-01  -1.4216553e+00
   3.6595000e+01  -2.0000000e-01  -1.2890024e+00
   3.6660000e+01  -2.0000000e-01  -1.1492684e+00
   3.6725000e+01  -2.0000000e-01  -1.0058552e+00
   3.6790000e+01  -2.0000000e-01  -8.6042130e-01
   3.6855000e+01  -2.0000000e-01  -8.4735018e-01
   3.6920000e+01  -2.0000000e-01  -7.5084996e-01
   3.6985000e+01  -2.0000000e-01  -6.6467911e-01
   3.7050000e+01  -2.0000000e-01  -5.6591457e-01
   3.7115000e+01  -2.0000000e-01  -4.5016941e-01
   3.7180000e+01  -2.0000000e-01  -3.6628425e-01
   3.7245000e+01  -2.0000000e-01  -2.6355815e-01
   3.7310000e+01  -2.0000000e-01  -1.5434986e-01
   3.7375000e+01  -2.0000000e-01  -6.0287368e-02
   3.7440000e+01  -2.0000000e-01   1.2992226e-02
   3.7505000e+01  -2.0000000e-01   8.5444540e-02
   3.7570000e+01  -2.0000000e-01   1.4609353e-01
   3.7635000e+01  -2.0000000e-01   2.3600918e-01
   3.7700000e+01  -2.0000000e-01   3.1528577e-01
   3.7765000e+01  -2.0000000e-01   3.9146990e-01
   3.7830000e+01  -2.0000000e-01   4.4645038e-01
   3.7895000e+01  -2.0000000e-01   5.0749660e-01
   3.7960000e+01  -2.0000000e-01   5.6749785e-01
   3.8025000e+01  -2.0000000e-01   6.4018637e-01
   3.8090000e+01  -2.0000000e-01   7.1202475e-01
   3.8155000e+01  -2.0000000e-01   7.5961655e-01
   3.8220000e+01  -2.0000000e-01   8.0683488e-01
   3.8285000e+01  -2.0000000e-01   8.6032331e-01
   3.8350000e+01  -2.0000000e-01   9.1673911e-01
   3.8415000e+01  -2.0000000e-01   9.8277736e-01
   3.8480000e+01  -2.0000000e-01   1.0320785e+00
   3.8545000e+01  -2.0000000e-01   1.0690680e+00
   3.8610000e+01   2.0000000e-01   1.0815320e+00
   3.8675000e+01   2.0000000e-01   1.1486615e+00
   3.8740000e+01   2.0000000e-01   1.2678990e+00
   3.8805000e+01   2.0000000e-01   1.3052211e+00
   3.8870000e+01   2.0000000e-01   1.3372545e+00
   3.8935000e+01   2.0000000e-01   1.3565960e+00
   3.9000000e+01   2.0000000e-01   1.3862535e+00
   3.9065000e+01   2.0000000e-01   1.2366896e+00
   3.9130000e+01   2.0000000e-01   1.1844094e+00
   3.9195000e+01   2.0000000e-01   1.0727010e+00
   3.9260000e+01   2.0000000e-01   1.0102577e+00
   3.9325000e+01   2.0000000e-01   9.2178106e-01
   3.9390000e+01   2.0000000e-01   8.1049562e-01
   3.9455000e+01   2.0000000e-01   7.1433169e-01
   3.9520000e+01   2.0000000e-01   6.1103308e-01
   3.9585000e+01   2.0000000e-01   5.1234925e-01
   3.9650000e+01   2.0000000e-01   4.0872404e-01
   3.9715000e+01   2.0000000e-01   3.2698670e-01
   3.9780000e+01   2.0000000e-01   2.3094560e-01
   3.9845000e+01   2.0000000e-01   1.1752624e-01
   3.9910000e+01   2.0000000e-01   3.0320130e-02
   3.9975000e+01   2.0000000e-01  -3.9051123e-02
   4.0040000e+01   2.0000000e-01  -1.2173360e-01
   4.0105000e+01   2.0000000e-01  -1.9651663e-01
   4.0170000e+01   2.0000000e-01  -2.8461039e-01
   4.0235000e+01   2.0000000e-01  -3.6218151e-01
   4.0300000e+01   2.0000000e-01  -4.3489423e-01
   4.0365000e+01   2.0000000e-01  -4.9767157e-01
   4.0430000e+01   2.0000000e-01  -5.7019454e-01
   4.0495000e+01   2.0000000e-01  -6.1424488e-01
   4.0560000e+01   2.0000000e-01  -6.6631883e-01
   4.0625000e+01   2.0000000e-01  -7.1262306e-01
   4.0690000e+01   2.0000000e-01  -7.5353712e-01
   4.0755000e+01   2.0000000e-01  -8.0527651e-01
   4.0820000e+01   2.0000000e-01  -8.2778162e-01
   4.0885000e+01   2.0000000e-01  -8.6222255e-01
   4.0950000e+01   2.0000000e-01  -9.4958246e-01
   4.1015000e+01   2.0000000e-01  -1.0292177e+00
   4.1080000e+01  -2.0000000e-01  -1.0320532e+00
   4.1145000e+01  -2.0000000e-01  -1.1145496e+00
   4.1210000e+01  -2.0000000e-01  -1.1872957e+00
   4.1275000e+01  -2.0000000e-01  -1.2372618e+00
   4.1340000e+01  -2.0000000e-01  -1.2490821e+00
   4.1405000e+01  -2.0000000e-01  -1.2273346e+00
   4.1470000e+01  -2.0000000e-01  -1.1928040e+00
   4.1535000e+01  -2.0000000e-01  -1.1464601e+00
   4.1600000e+01  -2.0000000e-01  -1.0098456e+00
   4.1665000e+01  -2.0000000e-01  -9.0315622e-01
   4.1730000e+01  -2.0000000e-01  -8.1917828e-01
   4.1795000e+01  -2.0000000e-01  -7.5840151e-01
   4.1860000e+01  -2.0000000e-01  -6.5814388e-01
   4.1925000e+01  -2.0000000e-01  -6.0225737e-01
   4.1990000e+01  -2.0000000e-01  -4.8599425e-01
   4.2055000e+01  -2.0000000e-01  -3.9117950e-01
   4.2120000e+01  -2.0000000e-01  -2.9254863e-01
   4.2185000e+01  -2.0000000e-01  -1.8861125e-01
   4.2250000e+01  -2.0000000e-01  -1.0229227e-01
   4.2315000e+01  -2.0000000e-01  -2.4240097e-02
   4.2380000e+01  -2.0000000e-01   5.0341297e-02
   4.2445000e+01  -2.0000000e-01   1.1540172e-01
   4.2510000e+01  -2.0000000e-01   1.7432538e-01
   4.2575000e+01  -2.0000000e-01   2.4792387e-01
   4.2640000e+01  -2.0000000e-01   3.4586728e-01
   4.2705000e+01  -2.0000000e-01   4.1252890e-01
   4.2770000e+01  -2.0000000e-01   4.6882087e-01
   4.2835000e+01  -2.0000000e-01   5.4680246e-01
   4.2900000e+01  -2.0000000e-01   6.0737336e-01
   4.2965000e+01  -2.0000000e-01   6.6563749e-01
   4.3030000e+01  -2.0000000e-01   6.9951171e-01
   4.3095000e+01  -2.0000000e-01   7.6055956e-01
   4.3160000e+01  -2.0000000e-01   8.3048266e-01
   4.3225000e+01  -2.0000000e-01   9.1190583e-01
   4.3290000e+01  -2.0000000e-01   9.5723933e-01
   4.3355000e+01  -2.0000000e-01   9.9967468e-01
   4.3420000e+01  -2.0000000e-01   1.0528824e+00
   4.3485000e+01  -2.0000000e-01   1.1109453e+00
   4.3550000e+01  -2.0000000e-01   1.1882538e+00
   4.3615000e+01   2.0000000e-01   1.2425805e+00
   4.3680000e+01   2.0000000e-01   1.2791156e+00
   4.3745000e+01   2.0000000e-01   1.3034314e+00
   4.3810000e+01   2.0000000e-01   1.3295194e+00
   4.3875000e+01   2.0000000e-01   1.3749737e+00
   4.3940000e+01   2.0000000e-01   1.3962227e+00
   4.4005000e+01   2.0000000e-01   1.3290216e+00
   4.4070000e+01   2.0000000e-01   1.2363540e+00
   4.4135000e+01   2.0000000e-01   1.2126449e+00
   4.4200000e+01   2.0000000e-01   1.1110907e+00
   4.4265000e+01   2.0000000e-01   1.0111564e+00
   4.4330000e+01   2.0000000e-01   8.9079195e-01
   4.4395000e+01   2.0000000e-01   8.0044705e-01
   4.4460000e+01   2.0000000e-01   6.9419837e-01
   4.4525000e+01   2.0000000e-01   5.9733957e-01
   4.4590000e+01   2.0000000e-01   4.7826025e-01
   4.4655000e+01   2.0000000e-01   3.7682542e-01
   4.4720000e+01   2.0000000e-01   2.8149948e-01
   4.4785000e+01   2.0000000e-01   1.7093833e-01
   4.4850000e+01   2.0000000e-01   6.0296837e-02
   4.4915000e+01   2.0000000e-01  -2.4587668e-02
   4.4980000e+01   2.0000000e-01  -1.0988045e-01
   4.5045000e+01   2.0000000e-01  -1.9294852e-01
   4.5110000e+01   2.0000000e-01  -2.8851795e-01
   4.5175000e+01   2.0000000e-01  -3.6780959e-01
   4.5240000e+01   2.0000000e-01  -4.2596471e-01
   4.5305000e+01   2.0000000e-01  -4.8494524e-01
   4.5370000e+01   2.0000000e-01  -5.8971804e-01
   4.5435000e+01   2.0000000e-01  -6.4558518e-01
   4.5500000e+01   2.0000000e-01  -6.9376230e-01
   4.5565000e+01   2.0000000e-01  -7.3580253e-01
   4.5630000e+01   2.0000000e-01  -7.8326046e-01
   4.5695000e+01   2.0000000e-01  -8.3094269e-01
   4.5760000e+01   2.0000000e-01  -8.7367851e-01
   4.5825000e+01   2.0000000e-01  -9.2143649e-01
   4.5890000e+01   2.0000000e-01  -9.7865337e-01
   4.5955000e+01   2.0000000e-01  -1.0150795e+00
   4.6020000e+01   2.0000000e-01  -1.0494001e+00
   4.6085000e+01  -2.0000000e-01  -1.0909392e+00
   4.6150000e+01  -2.0000000e-01  -1.1635780e+00
   4.6215000e+01  -2.0000000e-01  -1.2271553e+00
   4.6280000e+01  -2.0000000e-01  -1.3605496e+00
   4.6345000e+01  -2.0000000e-01  -1.3839207e+00
   4.6410000e+01  -2.0000000e-01  -1.3295660e+00
   4.6475000e+01  -2.0000000e-01  -1.2882824e+00
   4.6540000e+01  -2.0000000e-01  -1.2234720e+00
   4.6605000e+01  -2.0000000e-01  -1.1581649e+00
   4.6670000e+01  -2.0000000e-01  -1.0209168e+00
   4.6735000e+01  -2.0000000e-01  -9.3717581e-01
   4.6800000e+01  -2.0000000e-01  -8.0376780e-01
   4.6865000e+01  -2.0000000e-01  -7.4212372e-01
   4.6930000e+01  -2.0000000e-01  -6.4973497e-01
   4.6995000e+01  -2.0000000e-01  -5.1975560e-01
   4.7060000e+01  -2.0000000e-01  -4.6006429e-01
   4.7125000e+01  -2.0000000e-01  -3.5986343e-01
   4.7190000e+01  -2.0000000e-01  -2.6256037e-01
   4.7255000e+01  -2.0000000e-01  -1.4646769e-01
   4.7320000e+01  -2.0000000e-01  -5.6200169e-02
   4.7385000e+01  -2.0000000e-01   9.6058901e-03
   4.7450000e+01  -2.0000000e-01   8.4412441e-02
   4.7515000e+01  -2.0000000e-01   1.6240975e-01
   4.7580000e+01  -2.0000000e-01   2.4974695e-01
   4.7645000e+01  -2.0000000e-01   3.1539267e-01
   4.7710000e+01  -2.0000000e-01   3.8786957e-01
   4.7775000e+01  -2.0000000e-01   4.4889167e-01
   4.7840000e+01  -2.0000000e-01   5.3194749e-01
   4.7905000e+01  -2.0000000e-01   5.9829700e-01
   4.7970000e+01  -2.0000000e-01   6.6418934e-01
   4.8035000e+01  -2.0000000e-01   7.2164553e-01
   4.8100000e+01  -2.0000000e-01   7.8008550e-01
   4.8165000e+01  -2.0000000e-01   8.1422597e-01
   4.8230000e+01  -2.0000000e-01   8.6646575e-01
   4.8295000e+01  -2.0000000e-01   9.1846275e-01
   4.8360000e+01  -2.0000000e-01   9.2374623e-01
   4.8425000e+01  -2.0000000e-01   1.0065106e+00
   4.8490000e+01  -2.0000000e-01   1.0889095e+00
   4.8555000e+01  -2.0000000e-01   1.1906297e+00
   4.8620000e+01   2.0000000e-01   1.2413608e+00
   4.8685000e+01   2.0000000e-01   1.2800230e+00
   4.8750000e+01   2.0000000e-01   1.3175765e+00
   4.8815000e+01   2.0000000e-01   1.3779238e+00
   4.8880000e+01   2.0000000e-01   1.4125073e+00
   4.8945000e+01   2.0000000e-01   1.5304649e+00
   4.9010000e+01   2.0000000e-01   1.3729538e+00
   4.9075000e+01   2.0000000e-01   1.3401289e+00
   4.9140000e+01   2.0000000e-01   1.2652756e+00
   4.9205000e+01   2.0000000e-01   1.1484077e+00
   4.9270000e+01   2.0000000e-01   1.0248410e+00
   4.9335000e+01   2.0000000e-01   9.4398320e-01
   4.9400000e+01   2.0000000e-01   8.3750826e-01
   4.9465000e+01   2.0000000e-01   7.3873162e-01
   4.9530000e+01   2.0000000e-01   6.4716309e-01
   4.9595000e+01   2.0000000e-01   5.3050047e-01
   4.9660000e+01   2.0000000e-01   4.1398335e-01
   4.9725000e+01   2.0000000e-01   2.9862353e-01
   4.9790000e+01   2.0000000e-01   1.7769690e-01
   4.9855000e+01   2.0000000e-01   6.8325303e-02
   4.9920000e+01   2.0000000e-01  -3.0743608e-02
   4.9985000e+01   2.0000000e-01  -1.2533846e-01
   5.0050000e+01   2.0000000e-01  -2.3351111e-01
   5.0115000e+01   2.0000000e-01  -3.3956787e-01
   5.0180000e+01   2.0000000e-01  -4.2173404e-01
   5.0245000e+01   2.0000000e-01  -5.2872825e-01
   5.0310000e+01   2.0000000e-01  -6.0875410e-01
   5.0375000e+01   2.0000000e-01  -6.9188184e-01
   5.0440000e+01   2.0000000e-01  -7.6163143e-01
   5.0505000e+01   2.0000000e-01  -8.1953120e-01
   5.0570000e+01   2.0000000e-01  -8.9801484e-01
   5.0635000e+01   2.0000000e-01  -9.4324559e-01
   5.0700000e+01   2.0000000e-01  -9.7910374e-01
   5.0765000e+01   2.0000000e-01  -1.0293306e+00
   5.0830000e+01   2.0000000e-01  -1.0834751e+00
   5.0895000e+01   2.0000000e-01  -1.1793641e+00
   5.0960000e+01   2.0000000e-01  -1.2231609e+00
   5.1025000e+01   2.0000000e-01  -1.3282470e+00
   5.1090000e+01  -2.0000000e-01  -1.3961704e+00
   5.1155000e+01  -2.0000000e-01  -1.5616146e+00
   5.1220000e+01  -2.0000000e-01  -1.5611414e+00
   5.1285000e+01  -2.0000000e-01  -1.5944691e+00
   5.1350000e+01  -2.0000000e-01  -1.5561999e+00
   5.1415000e+01  -2.0000000e-01  -1.5015419e+00
   5.1480000e+01  -2.0000000e-01  -1.4529022e+00
   5.1545000e+01  -2.0000000e-01  -1.5057867e+00
   5.1610000e+01  -2.0000000e-01  -1.2990758e+00
   5.1675000e+01  -2.0000000e-01  -1.1472759e+00
   5.1740000e+01  -2.0000000e-01  -1.0186939e+00
   5.1805000e+01  -2.0000000e-01  -9.4184059e-01
   5.1870000e+01  -2.0000000e-01  -7.9523927e-01
   5.1935000e+01  -2.0000000e-01  -6.6607434e-01
   5.2000000e+01  -2.0000000e-01  -5.9671825e-01
   5.2065000e+01  -2.0000000e-01  -4.7703779e-01
   5.2130000e+01  -2.0000000e-01  -3.7908351e-01
   5.2195000e+01  -2.0000000e-01  -2.6723576e-01
   5.2260000e+01  -2.0000000e-01  -1.3629423e-01
   5.2325000e+01  -2.0000000e-01  -3.0579625e-02
   5.2390000e+01  -2.0000000e-01   3.8862731e-02
   5.2455000e+01  -2.0000000e-01   1.1390825e-01
   5.2520000e+01  -2.0000000e-01   2.0839185e-01
   5.2585000e+01  -2.0000000e-01   3.1059903e-01
   5.2650000e+01  -2.0000000e-01   3.7685156e-01
   5.2715000e+01  -2.0000000e-01   4.4535875e-01
   5.2780000e+01  -2.0000000e-01   5.4370660e-01
   5.2845000e+01  -2.0000000e-01   6.1488998e-01
   5.2910000e+01  -2.0000000e-01   6.5362453e-01
   5.2975000e+01  -2.0000000e-01   7.0988482e-01
   5.3040000e+01  -2.0000000e-01   7.5173563e-01
   5.3105000e+01  -2.0000000e-01   7.8098601e-01
   5.3170000e+01  -2.0000000e-01   8.2319534e-01
   5.3235000e+01  -2.0000000e-01   8.8418216e-01
   5.3300000e+01  -2.0000000e-01   8.8418216e-01
   5.3365000e+01  -2.0000000e-01   9.4228011e-01
   5.3430000e+01  -2.0000000e-01   9.4989353e-01
   5.3495000e+01  -2.0000000e-01   1.0218841e+00
   5.3560000e+01  -2.0000000e-01   1.0417933e+00
   5.3625000e+01   2.0000000e-01   1.0996064e+00
   5.3690000e+01   2.0000000e-01   1.1738259e+00
   5.3755000e+01   2.0000000e-01   1.2891971e+00
   5.3820000e+01   2.0000000e-01   1.4219303e+00
   5.3885000e+01   2.0000000e-01   1.4473474e+00
   5.3950000e+01   2.0000000e-01   1.4334202e+00
   5.4015000e+01   2.0000000e-01   1.4223952e+00
   5.4080000e+01   2.0000000e-01   1.4053029e+00
   5.4145000e+01   2.0000000e-01   1.3244327e+00
   5.4210000e+01   2.0000000e-01   1.1755177e+00
   5.4275000e+01   2.0000000e-01   1.0675396e+00
   5.4340000e+01   2.0000000e-01   9.4330734e-01
   5.4405000e+01   2.0000000e-01   8.4909606e-01
   5.4470000e+01   2.0000000e-01   7.5200111e-01
   5.4535000e+01   2.0000000e-01   6.7035669e-01
   5.4600000e+01   2.0000000e-01   5.7513970e-01
   5.4665000e+01   2.0000000e-01   4.5922461e-01
   5.4730000e+01   2.0000000e-01   3.4807587e-01
   5.4795000e+01   2.0000000e-01   2.8150243e-01
   5.4860000e+01   2.0000000e-01   1.5755863e-01
   5.4925000e+01   2.0000000e-01   4.3638486e-02
   5.4990000e+01   2.0000000e-01  -3.3845279e-02
   5.5055000e+01   2.0000000e-01  -1.2145861e-01
   5.5120000e+01   2.0000000e-01  -2.0125899e-01
   5.5185000e+01   2.0000000e-01  -2.7986309e-01
   5.5250000e+01   2.0000000e-01  -3.7042710e-01
   5.5315000e+01   2.0000000e-01  -4.2051044e-01
   5.5380000e+01   2.0000000e-01  -4.8010385e-01
   5.5445000e+01   2.0000000e-01  -5.5206782e-01
   5.5510000e+01   2.0000000e-01  -6.2847787e-01
   5.5575000e+01   2.0000000e-01  -6.6403854e-01
   5.5640000e+01   2.0000000e-01  -6.9556707e-01
   5.5705000e+01   2.0000000e-01  -7.4602944e-01
   5.5770000e+01   2.0000000e-01  -7.8370875e-01
   5.5835000e+01   2.0000000e-01  -8.0984694e-01
   5.5900000e+01   2.0000000e-01  -8.6548555e-01
   5.5965000e+01   2.0000000e-01  -9.3676823e-01
   5.6030000e+01   2.0000000e-01  -1.0135541e+00
   5.6095000e+01  -2.0000000e-01  -1.0375674e+00
   5.6160000e+01  -2.0000000e-01  -1.0572925e+00
   5.6225000e+01  -2.0000000e-01  -1.0734440e+00
   5.6290000e+01  -2.0000000e-01  -1.0773022e+00
   5.6355000e+01  -2.0000000e-01  -1.0637267e+00
   5.6420000e+01  -2.0000000e-01  -1.0486718e+00
   5.6485000e+01  -2.0000000e-01  -9.8588836e-01
   5.6550000e+01  -2.0000000e-01  -9.0302521e-01
   5.6615000e+01  -2.0000000e-01  -8.0140930e-01
   5.6680000e+01  -2.0000000e-01  -6.9805729e-01
   5.6745000e+01  -2.0000000e-01  -7.8910130e-01
   5.6810000e+01  -2.0000000e-01  -6.8882275e-01
   5.6875000e+01  -2.0000000e-01  -6.2405920e-01
   5.6940000e+01  -2.0000000e-01  -6.3680607e-01
   5.7005000e+01  -2.0000000e-01  -5.8453691e-01
   5.7070000e+01  -2.0000000e-01  -5.1166964e-01
   5.7135000e+01  -2.0000000e-01  -3.8855925e-01
   5.7200000e+01  -2.0000000e-01  -3.0716413e-01
   5.7265000e+01  -2.0000000e-01  -1.9045135e-01
   5.7330000e+01  -2.0000000e-01  -8.4729910e-02
   5.7395000e+01  -2.0000000e-01  -2.1451646e-02
   5.7460000e+01  -2.0000000e-01   4.9453065e-02
   5.7525000e+01  -2.0000000e-01   1.1999965e-01
   5.7590000e+01  -2.0000000e-01   1.8486379e-01
   5.7655000e+01  -2.0000000e-01   2.6370335e-01
   5.7720000e+01  -2.0000000e-01   3.5584888e-01
   5.7785000e+01  -2.0000000e-01   4.1474816e-01
   5.7850000e+01  -2.0000000e-01   4.7226295e-01
   5.7915000e+01  -2.0000000e-01   5.5834532e-01
   5.7980000e+01   0.0000000e+00   6.3513649e-01
   5.8045000e+01   0.0000000e+00   6.9304937e-01
   5.8110000e+01   0.0000000e+00   7.5320339e-01
   5.8175000e+01   0.0000000e+00   8.1012315e-01
   5.8240000e+01   0.0000000e+00   9.0948194e-01
   5.8305000e+01   0.0000000e+00   9.7612661e-01
   5.8370000e+01   0.0000000e+00   1.0198927e+00
   5.8435000e+01   0.0000000e+00   1.0079151e+00
   5.8500000e+01   0.0000000e+00   1.0238310e+00
   5.8565000e+01   0.0000000e+00   9.9720240e-01
   5.8630000e+01   0.0000000e+00   9.7081679e-01
   5.8695000e+01   0.0000000e+00   9.7684282e-01
   5.8760000e+01   0.0000000e+00   9.3388855e-01
   5.8825000e+01   0.0000000e+00   9.0303975e-01
   5.8890000e+01   0.0000000e+00   8.8773006e-01
   5.8955000e+01   0.0000000e+00   8.3309942e-01
   5.9020000e+01   0.0000000e+00   8.2301998e-01
   5.9085000e+01   0.0000000e+00   7.7351123e-01
   5.9150000e+01   0.0000000e+00   7.3046452e-01
   5.9215000e+01   0.0000000e+00   6.9874972e-01
   5.9280000e+01   0.0000000e+00   6.6081959e-01
   5.9345000e+01   0.0000000e+00   6.3030332e-01
   5.9410000e+01   0.0000000e+00   6.2623811e-01
   5.9475000e+01   0.0000000e+00   6.2240285e-01
   5.9540000e+01   0.0000000e+00   6.2524521e-01
   5.9605000e+01   0.0000000e+00   6.1764580e-01
   5.9670000e+01   0.0000000e+00   6.0216594e-01
   5.9735000e+01   0.0000000e+00   5.6965458e-01
   5.9800000e+01   0.0000000e+00   5.5385655e-01
   5.9865000e+01   0.0000000e+00   5.3022468e-01
   5.9930000e+01   0.0000000e+00   5.0710958e-01
   5.9995000e+01   0.0000000e+00   4.6731800e-01